#=======================================================================================================================================================================================================================================================
#            r            m         x_cg         y_cg         ri_x         ri_y         x_sh         y_sh            E            G          I_x          I_y        I_p/K          k_x          k_y            A        pitch          x_e          y_e
#=======================================================================================================================================================================================================================================================
#B2 stiff optimize mass to match eigenfrequency
#initial set 19
#  cg target: 0.28827
#mass target: 0.19810
#INCLUDING ROOT CYLINDER WITH L=162mm
#same as 25, but with increased G
#$37 20
          0.0  1.00000e-02          0.0          0.0  7.50000e-07  7.50000e-07          0.0          0.0  1.00000e+12  2.00000e+12  6.75000e-08  6.75000e-08  1.35000e-07   100.000000   100.000000  9.00000e-04          0.0          0.0          0.0
     0.161900  1.00000e-02          0.0          0.0  7.50000e-07  7.50000e-07          0.0          0.0  1.00000e+12  2.00000e+12  6.75000e-08  6.75000e-08  1.35000e-07   100.000000   100.000000  9.00000e-04          0.0          0.0          0.0
     0.162000     0.422573     0.038193  4.25200e-04  5.21210e-03     0.021792     0.038193  4.25200e-04  3.10000e+08  1.80000e+08  2.17914e-07  3.80932e-06  4.02723e-06     0.700000     0.700000  8.02173e-03     9.562500     0.038193  4.25200e-04
     0.194647     0.462066     0.038310  5.28500e-04  5.02690e-03     0.021728     0.038310  5.28500e-04  3.10000e+08  1.80000e+08  1.89724e-07  3.54457e-06  3.73430e-06     0.700000     0.700000  7.50791e-03     9.482006     0.038310  5.28500e-04
     0.227294     0.463266     0.037758  7.05570e-04  4.57650e-03     0.021129     0.037758  7.05570e-04  3.10000e+08  1.80000e+08  1.28367e-07  2.73621e-06  2.86460e-06     0.700000     0.700000  6.12916e-03     8.327835     0.037758  7.05570e-04
     0.259941     0.434601     0.036278  8.32840e-04  4.06200e-03     0.019989     0.036278  8.32840e-04  3.10000e+08  1.80000e+08  8.63935e-08  2.09208e-06  2.17845e-06     0.700000     0.700000  5.23610e-03     7.184950     0.036278  8.32840e-04
     0.292588     0.398910     0.034459  8.98360e-04  3.61210e-03     0.018708     0.034459  8.98360e-04  3.10000e+08  1.80000e+08  6.09943e-08  1.63624e-06  1.69724e-06     0.700000     0.700000  4.67496e-03     6.327351     0.034459  8.98360e-04
# a random comment line
     0.325235     0.363167     0.032548  9.16320e-04  3.24720e-03     0.017452     0.032548  9.16320e-04  3.10000e+08  1.80000e+08  5.23708e-08  1.51266e-06  1.56498e-06     0.700000     0.700000  4.96659e-03     5.783897     0.032548  9.16320e-04
     0.357882     0.333887     0.030801  9.08420e-04  2.96780e-03     0.016357     0.030801  9.08420e-04  3.10000e+08  1.80000e+08  4.50560e-08  1.36855e-06  1.41363e-06     0.700000     0.700000  5.11537e-03     5.473474     0.030801  9.08420e-04
     0.390529     0.313670     0.029415  8.91010e-04  2.77230e-03     0.015519     0.029415  8.91010e-04  3.10000e+08  1.80000e+08  4.04181e-08  1.26655e-06  1.30691e-06     0.700000     0.700000  5.25908e-03     5.291222     0.029415  8.91010e-04
     0.423176     0.299416     0.028323  8.72760e-04  2.62900e-03     0.014872     0.028323  8.72760e-04  3.10000e+08  1.80000e+08  3.41843e-08  1.09392e-06  1.12804e-06     0.700000     0.700000  4.94602e-03     5.117346     0.028323  8.72760e-04
     0.455824     0.289614     0.027489  8.56520e-04  2.52530e-03     0.014386     0.027489  8.56520e-04  3.10000e+08  1.80000e+08  2.91155e-08  9.44882e-07  9.73998e-07     0.700000     0.700000  4.56555e-03     4.909871     0.027489  8.56520e-04
     0.488471     0.283068     0.026882  8.43510e-04  2.45290e-03     0.014037     0.026882  8.43510e-04  3.10000e+08  1.80000e+08  2.39117e-08  7.83066e-07  8.06977e-07     0.700000     0.700000  3.97431e-03     4.641759     0.026882  8.43510e-04
# horrible, more comments. How to parse this shxx ?
     0.521118     0.279399     0.026465  8.33990e-04  2.40470e-03     0.013800     0.026465  8.33990e-04  3.10000e+08  1.80000e+08  2.04215e-08  6.72547e-07  6.92968e-07     0.700000     0.700000  3.53167e-03     4.296693     0.026465  8.33990e-04
     0.553765     0.276853     0.026215  8.28020e-04  2.37650e-03     0.013659     0.026215  8.28020e-04  3.10000e+08  1.80000e+08  1.80468e-08  5.96129e-07  6.14176e-07     0.700000     0.700000  3.19521e-03     3.858977     0.026215  8.28020e-04
     0.586412     0.275714     0.026083  8.24770e-04  2.36190e-03     0.013585     0.026083  8.24770e-04  3.10000e+08  1.80000e+08  1.54173e-08  5.10039e-07  5.25456e-07     0.700000     0.700000  2.76368e-03     3.345674     0.026083  8.24770e-04
     0.619059     0.272335     0.026016  8.23080e-04  2.35460e-03     0.013547     0.026016  8.23080e-04  3.10000e+08  1.80000e+08  1.32757e-08  4.39502e-07  4.52774e-07     0.700000     0.700000  2.39466e-03     2.801114     0.026016  8.23080e-04
     0.651706     0.268856     0.025989  8.22400e-04  2.35170e-03     0.013533     0.025989  8.22400e-04  3.10000e+08  1.80000e+08  1.15536e-08  3.82581e-07  3.94132e-07     0.700000     0.700000  2.08905e-03     2.250616     0.025989  8.22400e-04
     0.684353     0.260928     0.025983  8.22250e-04  2.35100e-03     0.013529     0.025983  8.22250e-04  3.10000e+08  1.80000e+08  1.15413e-08  3.82191e-07  3.93731e-07     0.700000     0.700000  2.08798e-03     1.685444     0.025983  8.22250e-04
     0.717000     0.252521     0.025983  8.22240e-04  2.35100e-03     0.013529     0.025983  8.22240e-04  3.10000e+08  1.80000e+08  1.15408e-08  3.82175e-07  3.93715e-07     0.700000     0.700000  2.08793e-03     0.812500     0.025983  8.22240e-04

