# l_bar 0.110576
# w_bar 0.451936
#   r[m]      Gamma[m^2/s]
4.96	0
4.9856	0.058816
5.0112	0.12884
5.0368	0.21107
5.0625	0.30337
5.0881	0.40417
5.1137	0.51226
5.1393	0.62676
5.1649	0.74692
5.1905	0.87214
5.2162	1.0019
5.2418	1.1359
5.2674	1.2735
5.293	1.4147
5.3186	1.5589
5.3442	1.7061
5.3698	1.8559
5.3955	2.0081
5.4211	2.1626
5.4467	2.3191
5.4723	2.4775
5.4979	2.6377
5.5235	2.7994
5.5492	2.9626
5.5748	3.1272
5.6004	3.293
5.626	3.4598
5.6516	3.6277
5.6772	3.7965
5.7029	3.9661
5.7285	4.1365
5.7541	4.3074
5.7797	4.479
5.8053	4.651
5.8309	4.8234
5.8565	4.9962
5.8822	5.1692
5.9078	5.3425
5.9334	5.5159
5.959	5.6894
5.9846	5.8629
6.0102	6.0364
6.0359	6.2099
6.0615	6.3833
6.0871	6.5565
6.1127	6.7295
6.1383	6.9023
6.1639	7.0748
6.1895	7.2469
6.2152	7.4187
6.2408	7.5901
6.2664	7.7611
6.292	7.9317
6.3176	8.1017
6.3432	8.2712
6.3689	8.4402
6.3945	8.6086
6.4201	8.7764
6.4457	8.9435
6.4713	9.11
6.4969	9.2759
6.5226	9.4411
6.5482	9.6055
6.5738	9.7692
6.5994	9.9322
6.625	10.094
6.6506	10.256
6.6762	10.416
6.7019	10.576
6.7275	10.735
6.7531	10.893
6.7787	11.051
6.8043	11.207
6.8299	11.363
6.8556	11.517
6.8812	11.671
6.9068	11.824
6.9324	11.976
6.958	12.127
6.9836	12.277
7.0092	12.426
7.0349	12.574
7.0605	12.722
7.0861	12.868
7.1117	13.013
7.1373	13.158
7.1629	13.301
7.1886	13.444
7.2142	13.585
7.2398	13.726
7.2654	13.865
7.291	14.004
7.3166	14.142
7.3423	14.278
7.3679	14.414
7.3935	14.549
7.4191	14.683
7.4447	14.816
7.4703	14.947
7.4959	15.078
7.5216	15.208
7.5472	15.337
7.5728	15.465
7.5984	15.592
7.624	15.718
7.6496	15.843
7.6753	15.967
7.7009	16.09
7.7265	16.213
7.7521	16.334
7.7777	16.454
7.8033	16.574
7.8289	16.692
7.8546	16.81
7.8802	16.926
7.9058	17.042
7.9314	17.157
7.957	17.27
7.9826	17.383
8.0083	17.495
8.0339	17.606
8.0595	17.717
8.0851	17.826
8.1107	17.934
8.1363	18.042
8.162	18.149
8.1876	18.254
8.2132	18.359
8.2388	18.464
8.2644	18.567
8.29	18.669
8.3156	18.771
8.3413	18.871
8.3669	18.971
8.3925	19.07
8.4181	19.168
8.4437	19.266
8.4693	19.362
8.495	19.458
8.5206	19.553
8.5462	19.647
8.5718	19.741
8.5974	19.833
8.623	19.925
8.6486	20.016
8.6743	20.106
8.6999	20.196
8.7255	20.285
8.7511	20.373
8.7767	20.46
8.8023	20.547
8.828	20.632
8.8536	20.718
8.8792	20.802
8.9048	20.886
8.9304	20.969
8.956	21.051
8.9817	21.132
9.0073	21.213
9.0329	21.293
9.0585	21.373
9.0841	21.452
9.1097	21.53
9.1353	21.607
9.161	21.684
9.1866	21.76
9.2122	21.836
9.2378	21.911
9.2634	21.985
9.289	22.058
9.3147	22.131
9.3403	22.204
9.3659	22.275
9.3915	22.347
9.4171	22.417
9.4427	22.487
9.4683	22.556
9.494	22.625
9.5196	22.693
9.5452	22.761
9.5708	22.828
9.5964	22.894
9.622	22.96
9.6477	23.025
9.6733	23.09
9.6989	23.154
9.7245	23.218
9.7501	23.281
9.7757	23.344
9.8014	23.406
9.827	23.467
9.8526	23.528
9.8782	23.589
9.9038	23.649
9.9294	23.708
9.955	23.767
9.9807	23.826
10.006	23.884
10.032	23.941
10.058	23.998
10.083	24.055
10.109	24.111
10.134	24.166
10.16	24.221
10.186	24.276
10.211	24.33
10.237	24.384
10.262	24.437
10.288	24.49
10.314	24.542
10.339	24.594
10.365	24.646
10.391	24.697
10.416	24.747
10.442	24.797
10.467	24.847
10.493	24.897
10.519	24.946
10.544	24.994
10.57	25.042
10.595	25.09
10.621	25.137
10.647	25.184
10.672	25.231
10.698	25.277
10.724	25.323
10.749	25.368
10.775	25.413
10.8	25.458
10.826	25.502
10.852	25.546
10.877	25.59
10.903	25.633
10.928	25.676
10.954	25.718
10.98	25.76
11.005	25.802
11.031	25.844
11.057	25.885
11.082	25.925
11.108	25.966
11.133	26.006
11.159	26.046
11.185	26.085
11.21	26.124
11.236	26.163
11.261	26.202
11.287	26.24
11.313	26.278
11.338	26.315
11.364	26.352
11.39	26.389
11.415	26.426
11.441	26.462
11.466	26.498
11.492	26.534
11.518	26.57
11.543	26.605
11.569	26.64
11.594	26.674
11.62	26.709
11.646	26.743
11.671	26.777
11.697	26.81
11.723	26.843
11.748	26.876
11.774	26.909
11.799	26.942
11.825	26.974
11.851	27.006
11.876	27.037
11.902	27.069
11.927	27.1
11.953	27.131
11.979	27.162
12.004	27.192
12.03	27.222
12.056	27.252
12.081	27.282
12.107	27.311
12.132	27.341
12.158	27.37
12.184	27.399
12.209	27.427
12.235	27.455
12.26	27.484
12.286	27.512
12.312	27.539
12.337	27.567
12.363	27.594
12.389	27.621
12.414	27.648
12.44	27.674
12.465	27.701
12.491	27.727
12.517	27.753
12.542	27.779
12.568	27.805
12.593	27.83
12.619	27.855
12.645	27.88
12.67	27.905
12.696	27.93
12.722	27.954
12.747	27.978
12.773	28.002
12.798	28.026
12.824	28.05
12.85	28.073
12.875	28.097
12.901	28.12
12.926	28.143
12.952	28.166
12.978	28.188
13.003	28.211
13.029	28.233
13.055	28.255
13.08	28.277
13.106	28.299
13.131	28.321
13.157	28.342
13.183	28.363
13.208	28.385
13.234	28.406
13.259	28.426
13.285	28.447
13.311	28.468
13.336	28.488
13.362	28.508
13.388	28.528
13.413	28.548
13.439	28.568
13.464	28.587
13.49	28.607
13.516	28.626
13.541	28.645
13.567	28.664
13.592	28.683
13.618	28.702
13.644	28.721
13.669	28.739
13.695	28.758
13.721	28.776
13.746	28.794
13.772	28.812
13.797	28.83
13.823	28.847
13.849	28.865
13.874	28.882
13.9	28.899
13.925	28.917
13.951	28.934
13.977	28.951
14.002	28.967
14.028	28.984
14.054	29.001
14.079	29.017
14.105	29.033
14.13	29.05
14.156	29.066
14.182	29.082
14.207	29.097
14.233	29.113
14.258	29.129
14.284	29.144
14.31	29.16
14.335	29.175
14.361	29.19
14.387	29.205
14.412	29.22
14.438	29.235
14.463	29.25
14.489	29.264
14.515	29.279
14.54	29.293
14.566	29.308
14.591	29.322
14.617	29.336
14.643	29.35
14.668	29.364
14.694	29.378
14.72	29.392
14.745	29.405
14.771	29.419
14.796	29.432
14.822	29.446
14.848	29.459
14.873	29.472
14.899	29.485
14.924	29.498
14.95	29.511
14.976	29.524
15.001	29.536
15.027	29.549
15.053	29.562
15.078	29.574
15.104	29.586
15.129	29.599
15.155	29.611
15.181	29.623
15.206	29.635
15.232	29.647
15.257	29.659
15.283	29.67
15.309	29.682
15.334	29.694
15.36	29.705
15.386	29.717
15.411	29.728
15.437	29.739
15.462	29.751
15.488	29.762
15.514	29.773
15.539	29.784
15.565	29.795
15.59	29.806
15.616	29.816
15.642	29.827
15.667	29.838
15.693	29.848
15.719	29.859
15.744	29.869
15.77	29.879
15.795	29.89
15.821	29.9
15.847	29.91
15.872	29.92
15.898	29.93
15.923	29.94
15.949	29.95
15.975	29.96
16	29.969
16.026	29.979
16.052	29.988
16.077	29.998
16.103	30.007
16.128	30.017
16.154	30.026
16.18	30.035
16.205	30.045
16.231	30.054
16.256	30.063
16.282	30.072
16.308	30.081
16.333	30.09
16.359	30.099
16.385	30.107
16.41	30.116
16.436	30.125
16.461	30.133
16.487	30.142
16.513	30.15
16.538	30.159
16.564	30.167
16.589	30.175
16.615	30.184
16.641	30.192
16.666	30.2
16.692	30.208
16.718	30.216
16.743	30.224
16.769	30.232
16.794	30.24
16.82	30.248
16.846	30.256
16.871	30.263
16.897	30.271
16.922	30.279
16.948	30.286
16.974	30.294
16.999	30.301
17.025	30.308
17.051	30.316
17.076	30.323
17.102	30.33
17.127	30.338
17.153	30.345
17.179	30.352
17.204	30.359
17.23	30.366
17.255	30.373
17.281	30.38
17.307	30.387
17.332	30.394
17.358	30.4
17.384	30.407
17.409	30.414
17.435	30.42
17.46	30.427
17.486	30.434
17.512	30.44
17.537	30.447
17.563	30.453
17.588	30.459
17.614	30.466
17.64	30.472
17.665	30.478
17.691	30.484
17.717	30.491
17.742	30.497
17.768	30.503
17.793	30.509
17.819	30.515
17.845	30.521
17.87	30.527
17.896	30.532
17.922	30.538
17.947	30.544
17.973	30.55
17.998	30.555
18.024	30.561
18.05	30.567
18.075	30.572
18.101	30.578
18.126	30.583
18.152	30.589
18.178	30.594
18.203	30.599
18.229	30.605
18.255	30.61
18.28	30.615
18.306	30.621
18.331	30.626
18.357	30.631
18.383	30.636
18.408	30.641
18.434	30.646
18.459	30.651
18.485	30.656
18.511	30.661
18.536	30.666
18.562	30.67
18.588	30.675
18.613	30.68
18.639	30.685
18.664	30.689
18.69	30.694
18.716	30.699
18.741	30.703
18.767	30.708
18.792	30.712
18.818	30.717
18.844	30.721
18.869	30.725
18.895	30.73
18.921	30.734
18.946	30.738
18.972	30.743
18.997	30.747
19.023	30.751
19.049	30.755
19.074	30.759
19.1	30.763
19.125	30.767
19.151	30.771
19.177	30.775
19.202	30.779
19.228	30.783
19.254	30.787
19.279	30.791
19.305	30.794
19.33	30.798
19.356	30.802
19.382	30.805
19.407	30.809
19.433	30.813
19.458	30.816
19.484	30.82
19.51	30.823
19.535	30.827
19.561	30.83
19.587	30.833
19.612	30.837
19.638	30.84
19.663	30.843
19.689	30.847
19.715	30.85
19.74	30.853
19.766	30.856
19.791	30.859
19.817	30.862
19.843	30.865
19.868	30.868
19.894	30.871
19.92	30.874
19.945	30.877
19.971	30.88
19.996	30.883
20.022	30.885
20.048	30.888
20.073	30.891
20.099	30.893
20.124	30.896
20.15	30.899
20.176	30.901
20.201	30.904
20.227	30.906
20.253	30.909
20.278	30.911
20.304	30.913
20.329	30.916
20.355	30.918
20.381	30.92
20.406	30.922
20.432	30.925
20.457	30.927
20.483	30.929
20.509	30.931
20.534	30.933
20.56	30.935
20.586	30.937
20.611	30.939
20.637	30.941
20.662	30.942
20.688	30.944
20.714	30.946
20.739	30.948
20.765	30.949
20.79	30.951
20.816	30.952
20.842	30.954
20.867	30.955
20.893	30.957
20.919	30.958
20.944	30.96
20.97	30.961
20.995	30.962
21.021	30.964
21.047	30.965
21.072	30.966
21.098	30.967
21.123	30.968
21.149	30.969
21.175	30.97
21.2	30.971
21.226	30.972
21.252	30.973
21.277	30.974
21.303	30.974
21.328	30.975
21.354	30.976
21.38	30.976
21.405	30.977
21.431	30.978
21.456	30.978
21.482	30.979
21.508	30.979
21.533	30.979
21.559	30.98
21.585	30.98
21.61	30.98
21.636	30.98
21.661	30.98
21.687	30.98
21.713	30.98
21.738	30.98
21.764	30.98
21.789	30.98
21.815	30.98
21.841	30.979
21.866	30.979
21.892	30.979
21.918	30.978
21.943	30.978
21.969	30.977
21.994	30.977
22.02	30.976
22.046	30.975
22.071	30.975
22.097	30.974
22.122	30.973
22.148	30.972
22.174	30.971
22.199	30.97
22.225	30.969
22.251	30.968
22.276	30.966
22.302	30.965
22.327	30.964
22.353	30.962
22.379	30.961
22.404	30.959
22.43	30.958
22.455	30.956
22.481	30.954
22.507	30.952
22.532	30.95
22.558	30.948
22.584	30.946
22.609	30.944
22.635	30.942
22.66	30.94
22.686	30.937
22.712	30.935
22.737	30.933
22.763	30.93
22.788	30.927
22.814	30.925
22.84	30.922
22.865	30.919
22.891	30.916
22.917	30.913
22.942	30.91
22.968	30.907
22.993	30.904
23.019	30.9
23.045	30.897
23.07	30.893
23.096	30.89
23.121	30.886
23.147	30.882
23.173	30.878
23.198	30.875
23.224	30.87
23.25	30.866
23.275	30.862
23.301	30.858
23.326	30.853
23.352	30.849
23.378	30.844
23.403	30.84
23.429	30.835
23.454	30.83
23.48	30.825
23.506	30.82
23.531	30.815
23.557	30.809
23.583	30.804
23.608	30.798
23.634	30.793
23.659	30.787
23.685	30.781
23.711	30.775
23.736	30.769
23.762	30.763
23.787	30.756
23.813	30.75
23.839	30.743
23.864	30.737
23.89	30.73
23.916	30.723
23.941	30.716
23.967	30.709
23.992	30.701
24.018	30.694
24.044	30.686
24.069	30.679
24.095	30.671
24.12	30.663
24.146	30.655
24.172	30.646
24.197	30.638
24.223	30.629
24.249	30.621
24.274	30.612
24.3	30.603
24.325	30.594
24.351	30.584
24.377	30.575
24.402	30.565
24.428	30.556
24.453	30.546
24.479	30.536
24.505	30.525
24.53	30.515
24.556	30.504
24.582	30.494
24.607	30.483
24.633	30.472
24.658	30.46
24.684	30.449
24.71	30.437
24.735	30.425
24.761	30.413
24.786	30.401
24.812	30.389
24.838	30.376
24.863	30.363
24.889	30.35
24.915	30.337
24.94	30.324
24.966	30.31
24.991	30.296
25.017	30.282
25.043	30.268
25.068	30.254
25.094	30.239
25.119	30.224
25.145	30.209
25.171	30.194
25.196	30.178
25.222	30.162
25.248	30.146
25.273	30.13
25.299	30.114
25.324	30.097
25.35	30.08
25.376	30.063
25.401	30.045
25.427	30.027
25.452	30.009
25.478	29.991
25.504	29.972
25.529	29.953
25.555	29.934
25.581	29.915
25.606	29.895
25.632	29.875
25.657	29.855
25.683	29.834
25.709	29.813
25.734	29.792
25.76	29.771
25.785	29.749
25.811	29.727
25.837	29.704
25.862	29.682
25.888	29.659
25.914	29.635
25.939	29.611
25.965	29.587
25.99	29.563
26.016	29.538
26.042	29.513
26.067	29.487
26.093	29.462
26.118	29.435
26.144	29.409
26.17	29.382
26.195	29.354
26.221	29.327
26.247	29.299
26.272	29.27
26.298	29.241
26.323	29.212
26.349	29.182
26.375	29.152
26.4	29.121
26.426	29.09
26.452	29.058
26.477	29.026
26.503	28.994
26.528	28.961
26.554	28.928
26.58	28.894
26.605	28.86
26.631	28.825
26.656	28.79
26.682	28.754
26.708	28.718
26.733	28.681
26.759	28.644
26.785	28.606
26.81	28.568
26.836	28.529
26.861	28.489
26.887	28.449
26.913	28.409
26.938	28.368
26.964	28.326
26.989	28.284
27.015	28.241
27.041	28.198
27.066	28.154
27.092	28.109
27.118	28.064
27.143	28.018
27.169	27.971
27.194	27.924
27.22	27.876
27.246	27.827
27.271	27.778
27.297	27.728
27.322	27.677
27.348	27.626
27.374	27.574
27.399	27.521
27.425	27.467
27.451	27.413
27.476	27.358
27.502	27.302
27.527	27.245
27.553	27.188
27.579	27.13
27.604	27.07
27.63	27.01
27.655	26.95
27.681	26.888
27.707	26.825
27.732	26.762
27.758	26.697
27.784	26.632
27.809	26.566
27.835	26.499
27.86	26.431
27.886	26.362
27.912	26.291
27.937	26.22
27.963	26.148
27.988	26.075
28.014	26.001
28.04	25.925
28.065	25.849
28.091	25.771
28.117	25.693
28.142	25.613
28.168	25.532
28.193	25.45
28.219	25.366
28.245	25.282
28.27	25.196
28.296	25.109
28.321	25.02
28.347	24.931
28.373	24.84
28.398	24.747
28.424	24.653
28.45	24.558
28.475	24.461
28.501	24.363
28.526	24.264
28.552	24.162
28.578	24.06
28.603	23.955
28.629	23.85
28.654	23.742
28.68	23.633
28.706	23.522
28.731	23.409
28.757	23.295
28.783	23.179
28.808	23.06
28.834	22.941
28.859	22.819
28.885	22.695
28.911	22.569
28.936	22.441
28.962	22.311
28.987	22.179
29.013	22.044
29.039	21.908
29.064	21.769
29.09	21.627
29.116	21.483
29.141	21.337
29.167	21.188
29.192	21.037
29.218	20.883
29.244	20.726
29.269	20.567
29.295	20.404
29.32	20.239
29.346	20.07
29.372	19.898
29.397	19.723
29.423	19.545
29.449	19.363
29.474	19.178
29.5	18.989
29.525	18.796
29.551	18.599
29.577	18.398
29.602	18.193
29.628	17.983
29.653	17.769
29.679	17.55
29.705	17.326
29.73	17.098
29.756	16.863
29.782	16.623
29.807	16.378
29.833	16.126
29.858	15.867
29.884	15.602
29.91	15.33
29.935	15.05
29.961	14.762
29.986	14.466
30.012	14.16
30.038	13.845
30.063	13.52
30.089	13.183
30.115	12.834
30.14	12.473
30.166	12.097
30.191	11.705
30.217	11.296
30.243	10.868
30.268	10.418
30.294	9.9432
30.319	9.4403
30.345	8.9043
30.371	8.3287
30.396	7.7046
30.422	7.0194
30.448	6.2529
30.473	5.3712
30.499	4.3063
30.524	2.8771
30.55	0
